1453233603,0.33,78470,2
1453237203,0.26,20608,1
1453240801,0,0,0
1453244403,0.61,41216,2
1453248001,0,0,0
1453251601,0,0,0
1453255203,3.29,532518,19
1453258801,0,0,0
1453262401,2.43,537596,26
1453266002,0,0,0
1453269603,0,0,0
1453273201,0,0,0
1453276803,0,0,0
1453280401,0,0,0
1453284002,0,0,0
1453287601,0,0,0
1453291202,0,0,0
1453294803,0,0,0
1453298403,0,0,0
1453302001,0,0,0
1453305604,0,0,0
1453309201,0,0,0
1453312805,0,0,0
1453316403,0,0,0
1453320004,0,0,0
1453323601,0,0,0
1453327201,0,0,0
1453330801,0,0,0
1453334403,1.87,325676,10
1453338003,0,0,0
1453341603,0,0,0
1453345203,0,0,0
1453348803,0,0,0
1453352401,0.48,73252,5
1453356003,0,0,0
1453359602,0,0,0
1453363202,0,0,0
1453366801,0,0,0
1453370404,0,0,0
1453374001,0,0,0
1453377602,0,0,0
1453381201,0,0,0
1453388402,0,0,0
1453392003,0,0,0
1453395601,0,0,0
1453399203,0,0,0
1453402803,0,0,0
1453406404,0,0,0
1453410004,0,0,0
1453413604,0,0,0
1453417203,0,0,0
1453420803,0,0,0
1453424402,0,0,0
1453428002,0,0,0
1453431602,0,0,0
1453435202,0,0,0
1453438801,0,0,0
1453442403,0,0,0
1453446001,0,0,0
1453449603,0,0,0
1453453201,0,0,0
1453456801,0,0,0
1453460401,0,0,0
1453464002,6.44,1534681,111
1453467602,0.47,463689,62
1453471204,1.38,463769,62
1453474801,0.46,367017,58
1453478401,0.05,48176,2
1453482001,0,0,0
1453485603,0,0,0
1453489201,0,0,0
1453492803,0,0,0
1453496404,0,0,0
1453500005,0,0,0
1453503603,0,0,0
1453507203,0,0,0
1453510801,0,0,0
1453514402,0,0,0
1453518002,0,0,0
1453521601,0,0,0
1453525201,0,0,0
1453528803,0.67,185934,15
1453532402,0,0,0
1453536001,0,0,0
1453539604,0,0,0
1453543201,0,0,0
1453546801,0,0,0
1453550403,0,0,0
1453554002,0,0,0
1453557603,0,0,0
1453561201,0,0,0
1453564801,0,0,0
1453568401,0,0,0
1453572001,0,0,0
1453575602,0,0,0
1453579204,0,0,0
1453582801,0,0,0
1453586403,0,0,0
1453590001,0,0,0
1453593601,0,0,0
1453597204,0,0,0
1453600803,0,0,0
1453604401,0,0,0
1453608003,0.17,253887,38
1453611601,0.04,83221,12
1453615202,0.55,196406,15
1453618803,0,0,0
1453622401,0,0,0
1453626001,0,0,0
1453629601,0,0,0
1453633201,0,0,0
1453636803,0,0,0
1453640403,0,0,0
1453644001,0,0,0
1453647601,0,0,0
1453651203,0,0,0
1453654803,0,0,0
1453658403,0,0,0
1453662001,0,0,0
1453665603,0,0,0
1453669203,0,0,0
1453672804,0,0,0
1453676401,0,0,0
1453680003,0,0,0
1453683601,0,0,0
1453687204,0,0,0
1453690801,0,0,0
1453694403,0,0,0
1453698001,0,0,0
1453701603,0.58,215727,25
1453705201,0.09,130837,14
1453708805,0.03,35013,10
1453712403,0.04,47632,2
1453716004,0,0,0
1453719601,0,0,0
1453723201,0,0,0
1453726801,0,0,0
1453730401,0,0,0
1453734004,0,0,0
1453737603,0,0,0
1453744807,0,0,0
1453748401,0,0,0
1453752003,0,0,0
1453755607,0,0,0
1453759201,0,0,0
1453762801,0,0,0
1453766405,0,0,0
1453770003,0,0,0
1453773602,0.03,82645,12
1453777203,0,0,0
1453780803,0,0,0
1453784401,0,0,0
1453788004,0.54,183332,15
1453791601,0,0,0
1453795203,0,0,0
1453798802,0,0,0
1453802404,0,0,0
1453806001,0,0,0
1453809602,0,0,0
1453813201,0,0,0
1453816801,0,0,0
1453820405,0,0,0
1453824005,0.01,83189,12
1453831205,0,0,0
1453834801,0,0,0
1453842003,0,0,0
1453845604,0,0,0
1453849202,0,0,0
1453852804,0,0,0
1453856401,0,0,0
1453860003,0,0,0
1453863602,0,0,0
1453867203,0,0,0
1453870803,0,0,0
1453874403,0,0,0
1453878001,0.53,178144,15
1453881604,0,0,0
1453885207,0,0,0
1453888803,0,0,0
1453892401,0,0,0
1453903201,4.45,249507,36
1453906803,1.19,1397375,181
1453910403,2.48,2431977,134
1453924803,2.06,1729664,28
1453928401,0,0,0
1453932001,0,0,0
1453935601,0,0,0
1453939203,0,0,0
1453942801,0.35,443923,39
1453946401,0.61,573795,41
1453950003,0.17,248835,36
1453953602,0,0,0
1453957203,1.76,494216,34
1453960801,0,0,0
1453964401,6.04,1057513,69
1453968003,0,0,0
1453971601,0,0,0
1453975201,0,0,0
1453978801,0.08,82945,12
1453982404,1.27,307030,9
1453986003,0,0,0
1453989603,0.23,368421,58
1453993203,0.2,132177,14
1453996809,0,0,0
1454000405,0,0,0
1454007604,0,0,0
1454011203,0,0,0
1454014802,0,0,0
1454018401,0,0,0
1454022001,0,0,0
1454025601,0,0,0
1454029201,0,0,0
1454032802,0,0,0
1454036401,0,0,0
1454040001,0,0,0
1454043601,0.05,82945,12
1454047203,0,0,0
1454050801,1.06,185768,15
1454054403,0,0,0
1454058001,0,0,0
1454061603,0,0,0
1454065201,0,0,0
1454068804,0,0,0
1454072401,0,0,0
1454076004,0,0,0
1454079601,0,0,0
1454083202,0,0,0
1454086803,0,0,0
1454090403,0,0,0
1454094001,0,0,0
1454097604,0,0,0
1454101201,0.05,82945,12
1454104802,0,0,0
1454108401,0,0,0
1454112001,0,0,0
1454115601,0,0,0
1454119201,0,0,0
1454122802,0,0,0
1454126402,0,0,0
1454130001,0,0,0
1454133603,0,0,0
1454137201,0.54,177944,15
1454140804,0,0,0
1454144401,0,0,0
1454148002,0,0,0
1454151601,0,0,0
1454155201,0,0,0
1454158801,0.06,118402,22
1454162402,0.5,215714,26
1454166002,0.05,83537,12
1454169601,0.08,118434,22
1454173202,0.17,117874,22
1454176801,0.36,96624,4
1454180402,0,0,0
1454184001,0,0,0
1454187601,0,0,0
1454191203,0,0,0
1454194801,0.13,201347,34
1454198401,1.41,1422432,22
1454202004,1.74,1559827,55
1454205603,2.08,2214342,101
1454209203,0.1,99553,11
1454212805,0.17,279778,27
1454216403,0.18,231138,25
1454220002,0.2,64384,3
1454223602,0.03,34897,10
1454227203,0.93,803331,44
1454230803,5.1,2428418,53
1454234402,3.53,2689784,65
1454238002,2.89,2430941,50
1454241603,3.04,2815440,45
1454245203,2.28,1535870,26
1454248802,0.06,62832,1
1454252402,0,0,0
1454256003,0,0,0
1454259603,10.85,150912,4
1454263203,0.08,62928,1
1454266804,0,0,0
1454270403,0,0,0
1454274002,0,0,0
1454277602,0.05,58507,12
1454281204,0,0,0
1454284803,0.06,78708,22
1454288403,0.45,97554,3
1454292004,0.26,210585,13
1454295605,1.11,894608,38
1454299209,0,0,0
1454302803,0.45,388638,27
1454306404,1.67,1427104,23
1454310004,1.51,1149844,20
1454313605,0,0,0
1454317204,0.2,186336,3
1454320804,3.93,1670297,95
1454324404,3.67,2879197,56
1454328007,2.47,1764455,41
1454331606,0.1,84861,11
1454335205,2.95,2414305,50
1454338804,4.79,3842209,73
1454342404,2.96,1816379,107
1454346005,0.83,647045,23
1454353210,0.98,807136,13
1454356805,0,0,0
1454360404,0.07,62112,1
1454364005,0,0,0
1454367604,0,0,0
1454371204,0.75,676273,22
1454374803,0,0,0
1454378404,0.46,372544,6
1454382003,0.09,84797,11
1454385604,2.84,2577116,83
1454389204,8.24,6815268,132
1454392804,4.34,3312356,80
1454396404,0.71,653052,52
1454400004,0.29,189660,6
1454403605,0.31,264384,25
1454407203,2.49,405823,54
1454410805,0.12,117569,13
1454414404,0,0,0
1454418004,0,0,0
1454421605,0,0,0
1454425205,0.1,62112,1
1454428806,0.06,55457,12
1454432405,0.1,55507,12
1454436005,0.22,235074,26
1454443204,0.27,117569,13
1454446808,0,0,0
1454450405,0,0,0
1454454004,0,0,0
1454457605,0,0,0
1454461204,0.09,62112,1
1454464804,0.06,62048,1
1454468405,0.21,186272,3
1454472005,0,0,0
1454475604,0,0,0
1454479204,0,0,0
1454482803,0.08,62048,1
1454486406,0,0,0
1454490005,0,0,0
1454493605,0.07,62112,1
1454497204,0.79,211550,16
1454500806,0,0,0
1454504405,1.84,1280955,51
1454508006,5.09,3310136,77
1454511604,4.34,3313558,120
1454515206,4.54,3291488,53
1454522407,5.53,2751690,68
1454526006,0,0,0
1454529604,0,0,0
1454533203,0,0,0
1454536804,0,0,0
1454540407,0,0,0
1454544005,0.18,124160,2
1454547606,3.72,2888080,88
1454551206,2.88,2268502,38
1454554805,1.46,963974,17
1454558404,0.32,248320,4
1454562003,0.16,179617,14
1454565605,0.1,84861,11
1454569204,0.74,646695,23
1454572805,0.15,124096,2
1454576404,0.89,62048,1
1454580006,0.08,62112,1
1454583606,2.63,525212,21
1454587205,0,0,0
1454590805,0,0,0
1454594405,0,0,0
1454598004,0,0,0
1454601604,0,0,0
1454605204,0,0,0
1454608805,0,0,0
1454612405,0.13,117569,13
1454616005,0.03,22749,10
1454619605,0.53,398677,19
1454623204,0.13,124160,2
1454626804,0,0,0
1454630405,0,0,0
1454634006,0,0,0
1454637606,0,0,0
1454641205,0.06,62112,1
1454644805,0,0,0
1454648405,0.17,186336,3
1454652004,1.56,1289860,43
1454655605,0.37,310432,5
1454659204,0.08,62048,1
1454662805,0.08,62112,1
1454666404,0.01,55473,12
1454670008,0.81,276700,17
1454673604,0,0,0
1454677205,0,0,0
1454680805,0,0,0
1454684405,0,0,0
1454688005,0,0,0
1454691604,0,0,0
1454698804,0,0,0
1454702404,0.08,62112,1
1454706005,0,0,0
1454709605,0.07,62112,1
1454713204,0.2,186208,3
1454716806,0.21,186208,3
1454720405,0,0,0
1454724004,0,0,0
1454727604,0.07,62048,1
1454731204,0,0,0
1454734804,0.08,62112,1
1454738405,0,0,0
1454742004,0,0,0
1454745604,0.08,62112,1
1454749204,0,0,0
1454752804,0,0,0
1454756404,0.59,208324,16
1454760004,0,0,0
1454763605,0,0,0
1454767204,0,0,0
1454770804,0,0,0
1454774405,0,0,0
1454778003,0,0,0
1454781605,0.08,62112,1
1454785207,0,0,0
1454788805,0,0,0
1454792405,0,0,0
1454796004,0.06,62112,1
1454799605,0,0,0
1454803205,0,0,0
1454806803,0,0,0
1454810404,0.78,682784,11
1454814004,0,0,0
1454817604,0,0,0
1454821203,0,0,0
1454824804,0,0,0
1454828404,0.08,62112,1
1454832005,0.29,186208,3
1454835604,0,0,0
1454839205,0,0,0
1454842804,0.59,206748,16
1454846404,0,0,0
1454850004,0,0,0
1454853604,0.05,62112,1
1454857204,0,0,0
1454860805,0,0,0
1454864403,0,0,0
1454868004,0,0,0
1454871605,0.06,62112,1
1454875205,0,0,0
1454878804,0,0,0
1454882404,0,0,0
1454886004,0,0,0
1454889604,0,0,0
1454893204,0,0,0
1454896804,0,0,0
1454900404,0,0,0
1454904004,0,0,0
1454907605,0.07,62048,1
1454911204,0,0,0
1454914805,0,0,0
1454918405,0,0,0
1454922005,0.11,124224,2
1454925605,0,0,0
1454929204,0,0,0
1454932805,0.71,275222,17
1454936405,0,0,0
1454940006,0,0,0
1454943608,0,0,0
1454947207,0,0,0
1454950805,0,0,0
1454954409,0,0,0
1454958007,0.06,55473,12
1454961607,0.37,310240,5
1454965204,0.22,186208,3
1454968804,0.37,264384,25
1454972404,0.7,529126,10
1454976004,0.12,117521,13
1454979604,0,0,0
1454983204,0,0,0
1454986804,0.07,62112,1
1454990405,0,0,0
1454994004,0,0,0
1454997604,0,0,0
1455001204,0,0,0
1455004805,0.1,62112,1
1455008406,0.21,150480,4
1455012006,0,0,0
1455015604,0.23,186208,3
1455019204,0.64,214732,16
1455022805,0,0,0
1455026404,0.18,110932,24
1455030005,0,0,0
1455033606,0,0,0
1455037207,0.3,248256,4
1455044405,0.54,297236,27
1455048009,0,0,0
1455051605,0.16,117505,13
1455055205,1.43,1071166,38
1455058805,1.33,963444,17
1455062405,0,0,0
1455066004,0,0,0
1455069605,0.15,124096,2
1455073205,0.08,62112,1
1455076805,0,0,0
1455080405,0.25,241681,15
1455084005,0.17,117619,13
1455087604,0,0,0
1455091205,0,0,0
1455094805,0.07,62112,1
1455098405,0,0,0
1455102006,0,0,0
1455105605,0.77,208500,16
1455109205,0,0,0
1455112806,0,0,0
1455116408,0,0,0
1455120004,0,0,0
1455123604,0,0,0
1455127206,0.27,264542,25
1455130804,1.67,1234577,31
1455134404,0.55,421154,29
1455138004,0.87,793522,35
1455141604,2.46,1861440,30
1455145204,0.7,529108,10
1455148806,0.84,519133,18
1455152405,1.25,1074518,41
1455156004,1.12,1002351,48
1455159604,1.32,1205045,32
1455163204,63.99,17547782,696
1455166804,331.79,98230800,3010
1455170405,0,0,0
1455174004,0,0,0
1455177604,0.16,124160,2
1455181204,0,0,0
1455184805,0.04,55457,12
1455188405,0,0,0
1455192005,0.98,213248,16
1455195607,0,0,0
1455199205,0,0,0
1455202806,0,0,0
1455206405,0,0,0
1455210005,0,0,0
1455213605,0,0,0
1455217205,0,0,0
1455220805,0,0,0
1455224405,0.08,62112,1
1455228004,0,0,0
1455231604,0,0,0
1455235205,0.06,62112,1
1455238804,0,0,0
1455242407,0,0,0
1455246004,0,0,0
1455249604,0.03,55473,12
1455253205,0.06,62112,1
1455256805,0,0,0
1455260408,0,0,0
1455264005,0,0,0
1455267604,0,0,0
1455271205,0,0,0
1455274804,0,0,0
1455278405,0,0,0
1455282005,0.61,200590,16
1455285605,0,0,0
1455289205,0,0,0
1455292805,0,0,0
1455296404,0,0,0
1455300005,0.36,310368,5
1455303605,0,0,0
1455307204,0,0,0
1455310804,0,0,0
1455314405,0,0,0
1455318004,0.12,117585,13
1455321605,0,0,0
1455325204,0,0,0
1455328804,0.07,55473,12
1455332404,0,0,0
1455336005,0.07,62048,1
1455339605,0,0,0
1455343204,0,0,0
1455346805,0,0,0
1455350405,0,0,0
1455354005,0,0,0
1455357605,0,0,0
1455361204,0,0,0
1455364805,0.07,62112,1
1455368406,0.9,387413,44
1455372004,0.29,179587,14
1455375605,0,0,0
1455379205,0,0,0
1455382804,0,0,0
1455386406,0.09,62112,1
1455390005,0,0,0
1455393604,1.49,1258318,41
1455397205,0.71,405030,8
1455400804,0,0,0
1455404405,2.11,1819970,93
1455408005,5.83,5184589,182
1455411605,7.48,6132338,121
1455415204,5.82,4726474,125
1455418805,0.07,62112,1
1455422404,0,0,0
1455426005,0,0,0
1455429605,0.24,186272,3
1455433205,0.44,372352,6
1455436806,1.33,1042418,39
1455440405,0.48,395165,16
1455444004,0.81,614499,21
1455447605,2.33,1732515,39
1455451207,1.17,901892,16
1455454804,1.87,203788,16
1455458405,0,0,0
1455462004,0,0,0
1455465605,0,0,0
1455469204,0.59,457085,17
1455472805,2.85,2383941,51
1455476404,2.83,2318525,47
1455480006,1.95,1564201,60
1455483606,2.45,2132381,44
1455487206,3.36,2723555,55
1455490805,5.25,3902467,74
1455494404,2.32,1910340,53
1455498004,11.55,744561,69
1455501605,0.16,179553,14
1455505205,0,0,0
1455508804,0,0,0
1455512404,0,0,0
1455516005,0,0,0
1455519606,0.64,496384,8
1455523205,0.26,124096,2
1455526805,0.39,310240,5
1455530405,0,0,0
1455534005,2.52,1946237,41
1455537606,3.8,2909697,58
1455541205,6.05,3048273,73
1455544805,0.92,653188,12
1455548408,0,0,0
1455552004,0,0,0
1455555605,0,0,0
1455559207,0.62,124096,2
1455562804,0.84,310240,5
1455570004,1.91,1538066,47
1455573606,0,0,0
1455577206,0,0,0
1455580805,0,0,0
1455584404,0,0,0
1455588005,0,0,0
1455591605,0.13,117505,13
1455595204,0.65,581181,19
1455598805,1.72,1489152,24
1455602405,2.18,1799392,29
1455606005,2.19,1544673,36
1455609605,1.99,1799392,29
1455613204,1.88,1489152,24
1455616804,0.34,32724,2
1455620406,0.14,124096,2
1455624004,0,0,0
1455627605,0.99,205434,16
1455631205,0,0,0
1455634805,0,0,0
1455638404,0,0,0
1455642005,1.98,1668721,38
1455645605,0.35,303649,16
1455649205,12.85,519100,75
